0 IMG_0929
-1 330 -215 491 -315 647 -226
0
-1 277 -220 400 -337 587 -216
1 -334 253 -510 394 -698 242

1 IMG_0928
-1 332 -178 495 -297 630 -204
1 -423 165 -578 271 -720 177
1 -339 177 -500 310 -663 185
0

2 IMG_0927
1 -295 158 -428 268 -579 152
0
0
1 -377 155 -538 295 -666 196

3 IMG_0926
-1 333 -212 487 -339 651 -239
1 -378 181 -535 309 -677 180
0
1 -383 150 -520 248 -657 143

4 IMG_0925
1 -360 188 -489 299 -649 175
1 -304 161 -467 278 -596 157
1 -297 217 -464 329 -601 226
1 -302 158 -457 264 -578 155

5 IMG_0924
-1 336 -195 492 -315 654 -198
1 -348 176 -491 279 -659 178
-1 388 -175 508 -256 658 -157
0

6 IMG_0923
-1 291 -190 414 -284 574 -177
1 -279 194 -446 317 -599 189
-1 319 -222 464 -327 606 -231
0

7 IMG_0922
-1 305 -233 461 -351 649 -221
1 -341 211 -534 362 -720 234
-1 347 -234 505 -347 655 -240
1 -336 182 -518 323 -656 202

8 IMG_0921
-1 373 -204 527 -320 670 -200
1 -357 232 -514 377 -664 258
-1 379 -185 557 -303 664 -220
0

9 IMG_0920
1 -283 216 -418 330 -596 200
0
1 -392 224 -564 351 -739 210
1 -386 170 -528 264 -668 156

10 IMG_0919
-1 393 -249 565 -369 740 -244
0
0
1 -344 212 -508 327 -666 207

11 IMG_0918
-1 419 -185 556 -287 716 -197
1 -449 197 -632 311 -779 191
1 -353 150 -501 275 -650 181
1 -301 180 -470 318 -630 188

12 IMG_0917
1 -304 208 -475 338 -650 196
-1 349 -201 486 -293 657 -199
-1 291 -209 464 -332 624 -206
-1 302 -184 435 -290 593 -187

13 IMG_0916
1 -316 217 -463 338 -611 201
-1 327 -226 505 -361 679 -246
1 -342 202 -516 325 -666 200
0

14 IMG_0915
-1 319 -244 426 -353 610 -219
0
1 -329 194 -482 301 -647 215
-1 300 -167 436 -278 576 -188

15 IMG_0914
-1 301 -231 446 -337 601 -227
-1 351 -168 501 -290 649 -209
-1 334 -181 485 -282 634 -186
1 -329 202 -500 345 -682 208

16 IMG_0913
-1 448 -203 613 -317 769 -208
1 -372 210 -554 346 -738 194
0
1 -363 219 -523 355 -716 232

17 IMG_0912
1 -331 172 -506 277 -639 172
-1 363 -249 533 -374 715 -244
0
-1 358 -266 504 -354 668 -224

18 IMG_0910
-1 474 -244 620 -349 781 -227
-1 342 -227 493 -346 666 -223
0
1 -320 194 -476 316 -610 223

19 IMG_0909
-1 382 -197 512 -279 663 -168
1 -470 223 -638 337 -781 214
1 -386 248 -508 321 -690 181
1 -268 201 -429 338 -584 229

20 IMG_0908
-1 341 -247 547 -388 724 -278
-1 360 -215 502 -311 648 -205
-1 330 -276 504 -411 694 -269
-1 259 -224 421 -352 574 -251

21 IMG_0906
0
0
-1 370 -238 575 -364 734 -223
1 -342 160 -510 290 -647 185

22 IMG_0905
-1 388 -271 515 -339 691 -204
-1 285 -220 430 -330 603 -211
-1 358 -274 509 -393 662 -272
1 -350 225 -500 341 -662 229

23 IMG_0904
-1 340 -215 503 -338 659 -237
1 -359 235 -499 340 -670 198
0
0
